fsid voxnum.coactivation.char.AG.lh voxnum.aud.char.AG.lh voxnum.vis.char.AG.lh voxnum.coactivation.char.AG.rh voxnum.aud.char.AG.rh voxnum.vis.char.AG.rh voxnum.coactivation.char.cingulate_ant.lh voxnum.aud.char.cingulate_ant.lh voxnum.vis.char.cingulate_ant.lh voxnum.coactivation.char.cingulate_ant.rh voxnum.aud.char.cingulate_ant.rh voxnum.vis.char.cingulate_ant.rh voxnum.coactivation.char.cingulate_mid.lh voxnum.aud.char.cingulate_mid.lh voxnum.vis.char.cingulate_mid.lh voxnum.coactivation.char.cingulate_mid.rh voxnum.aud.char.cingulate_mid.rh voxnum.vis.char.cingulate_mid.rh voxnum.coactivation.char.cingulate_pos.lh voxnum.aud.char.cingulate_pos.lh voxnum.vis.char.cingulate_pos.lh voxnum.coactivation.char.cingulate_pos.rh voxnum.aud.char.cingulate_pos.rh voxnum.vis.char.cingulate_pos.rh voxnum.coactivation.char.FG.lh voxnum.aud.char.FG.lh voxnum.vis.char.FG.lh voxnum.coactivation.char.FG.rh voxnum.aud.char.FG.rh voxnum.vis.char.FG.rh voxnum.coactivation.char.IFG.lh voxnum.aud.char.IFG.lh voxnum.vis.char.IFG.lh voxnum.coactivation.char.IFG.rh voxnum.aud.char.IFG.rh voxnum.vis.char.IFG.rh voxnum.coactivation.char.STG.lh voxnum.aud.char.STG.lh voxnum.vis.char.STG.lh voxnum.coactivation.char.STG.rh voxnum.aud.char.STG.rh voxnum.vis.char.STG.rh voxnum.coactivation.phon.AG.lh voxnum.aud.phon.AG.lh voxnum.vis.phon.AG.lh voxnum.coactivation.phon.AG.rh voxnum.aud.phon.AG.rh voxnum.vis.phon.AG.rh voxnum.coactivation.phon.cingulate_ant.lh voxnum.aud.phon.cingulate_ant.lh voxnum.vis.phon.cingulate_ant.lh voxnum.coactivation.phon.cingulate_ant.rh voxnum.aud.phon.cingulate_ant.rh voxnum.vis.phon.cingulate_ant.rh voxnum.coactivation.phon.cingulate_mid.lh voxnum.aud.phon.cingulate_mid.lh voxnum.vis.phon.cingulate_mid.lh voxnum.coactivation.phon.cingulate_mid.rh voxnum.aud.phon.cingulate_mid.rh voxnum.vis.phon.cingulate_mid.rh voxnum.coactivation.phon.cingulate_pos.lh voxnum.aud.phon.cingulate_pos.lh voxnum.vis.phon.cingulate_pos.lh voxnum.coactivation.phon.cingulate_pos.rh voxnum.aud.phon.cingulate_pos.rh voxnum.vis.phon.cingulate_pos.rh voxnum.coactivation.phon.FG.lh voxnum.aud.phon.FG.lh voxnum.vis.phon.FG.lh voxnum.coactivation.phon.FG.rh voxnum.aud.phon.FG.rh voxnum.vis.phon.FG.rh voxnum.coactivation.phon.IFG.lh voxnum.aud.phon.IFG.lh voxnum.vis.phon.IFG.lh voxnum.coactivation.phon.IFG.rh voxnum.aud.phon.IFG.rh voxnum.vis.phon.IFG.rh voxnum.coactivation.phon.STG.lh voxnum.aud.phon.STG.lh voxnum.vis.phon.STG.lh voxnum.coactivation.phon.STG.rh voxnum.aud.phon.STG.rh voxnum.vis.phon.STG.rh
18001 0 0 0 0 0 0 0 1 0 0 0 0 0 9 0 0 0 0 0 0 0 0 0 0 0 0 5 0 0 13 0 8 0 0 1 0 2 88 5 4 34 23 0 3 0 0 0 0 0 0 2 0 0 0 0 4 5 0 6 3 0 0 0 0 0 0 0 13 0 0 22 0 16 97 32 0 23 0 0 87 0 7 115 7
18004 0 74 0 0 67 0 0 270 0 0 356 0 0 260 0 0 299 0 0 22 0 0 37 0 1 39 3 0 76 0 0 161 0 0 208 0 1 200 1 0 136 0 0 0 0 0 0 0 0 9 0 0 18 8 0 16 0 0 34 2 0 0 0 0 0 0 0 0 1 0 0 0 0 22 2 10 117 10 0 147 0 0 118 0
18006 0 31 0 7 46 8 0 85 1 0 110 0 0 166 0 0 121 0 0 55 0 0 47 0 4 102 16 0 28 7 0 100 0 0 103 0 0 196 0 0 32 1 3 7 12 0 0 0 0 0 0 0 0 0 0 0 0 0 8 0 0 0 0 0 0 0 0 0 0 0 0 7 0 9 0 0 28 0 0 16 0 0 36 0
18008 0 0 0 0 0 0 0 0 0 0 0 0 0 2 0 0 0 0 0 0 0 0 0 0 0 0 7 1 14 28 0 0 0 0 18 1 0 73 0 0 74 0 0 2 16 2 8 113 0 0 16 0 0 8 0 0 18 0 0 48 0 0 9 0 0 8 10 39 57 0 0 63 10 17 42 5 32 32 2 21 12 21 22 64
18009 10 10 53 0 0 3 1 1 4 0 1 4 2 39 9 0 40 6 0 8 0 0 1 0 0 0 17 0 1 36 2 16 28 25 38 89 42 92 44 0 38 0 13 33 17 0 0 3 0 2 64 0 2 44 5 24 53 16 38 55 1 1 1 0 0 0 15 37 76 2 14 94 26 62 66 24 104 47 76 178 76 42 184 45
18010 0 6 0 1 27 2 1 7 8 0 4 33 40 44 143 17 24 162 0 0 0 0 0 0 10 13 126 0 0 21 0 23 0 71 74 153 18 73 19 7 30 14 0 2 0 0 2 0 0 0 0 0 0 12 3 29 3 0 5 2 0 0 0 0 0 0 0 10 3 0 0 10 0 38 0 89 136 121 41 138 41 50 89 52
18013 1 113 1 22 216 25 5 14 147 4 16 194 1 278 18 1 381 11 0 97 0 0 73 0 13 33 97 0 0 43 0 17 22 29 69 52 75 152 79 19 115 37 43 51 123 72 86 122 1 16 17 3 38 14 112 371 147 117 384 133 13 13 32 4 5 9 37 60 60 12 32 32 23 57 77 7 103 18 126 191 126 158 189 173
18014 0 0 0 0 0 0 0 18 4 0 0 3 0 10 3 0 53 0 0 0 0 0 0 1 0 1 23 0 0 24 4 42 46 2 36 85 6 154 6 0 7 59 0 0 0 0 0 21 1 7 1 0 0 6 4 9 56 0 0 36 0 0 0 0 0 0 1 55 31 0 9 24 1 86 1 5 26 68 15 178 15 21 134 40
18015 0 0 0 0 0 107 0 0 1 0 0 0 0 0 6 0 0 31 0 0 0 0 0 0 0 0 87 0 0 85 0 15 0 1 13 69 32 34 52 18 30 76 0 0 0 1 1 105 0 0 159 0 0 211 0 0 166 0 0 210 0 0 0 0 0 0 0 2 69 0 0 144 0 1 63 10 10 220 76 86 107 53 55 131
18017 0 0 0 0 0 0 0 0 0 0 1 0 0 1 0 0 2 0 0 0 0 0 0 0 0 0 31 0 0 19 0 3 3 0 3 0 0 26 0 0 0 0 0 0 0 0 0 0 0 6 0 0 24 0 0 15 0 0 20 0 0 16 0 0 3 0 0 3 15 0 0 25 0 25 0 0 36 0 1 98 1 6 41 8
18018 2 4 56 0 0 4 0 0 15 0 0 15 0 60 1 0 32 0 0 0 0 0 0 0 0 0 49 0 1 23 0 0 158 0 0 84 5 58 6 9 62 53 1 10 7 0 0 0 0 9 13 0 18 8 0 14 12 0 12 0 0 0 0 0 0 0 0 0 16 0 3 4 4 13 11 0 0 44 5 79 5 33 108 50
18020 45 158 62 19 68 38 0 2 1 0 8 6 6 39 52 8 34 48 8 34 9 1 23 7 1 21 41 0 0 39 7 12 58 69 91 114 82 160 84 110 162 122 6 83 10 0 58 0 0 0 0 0 0 0 0 1 2 0 3 34 0 0 0 0 0 0 0 0 0 0 0 0 3 79 3 5 141 6 29 172 29 56 150 65
18021 0 0 0 0 0 0 0 0 0 0 0 0 0 0 1 0 0 0 0 0 0 0 0 0 0 0 18 0 0 31 7 28 19 10 42 20 30 154 30 10 148 10 0 7 0 2 27 27 0 12 1 10 84 19 0 48 0 39 123 59 0 2 0 0 8 0 0 0 11 0 0 3 0 160 0 0 98 0 14 177 17 6 173 6
18023 0 0 0 0 2 0 0 0 0 0 1 30 0 1 0 0 8 11 0 0 0 0 0 0 0 6 13 0 2 16 1 76 43 0 16 21 3 70 9 6 38 14 0 0 0 2 2 13 0 0 7 7 9 130 1 3 30 4 5 79 0 0 1 0 0 0 0 0 49 0 1 0 50 68 114 54 54 207 75 114 102 82 92 124
18027 0 10 0 0 0 0 0 0 11 1 2 31 4 15 8 0 1 9 0 0 0 0 0 0 7 11 22 9 9 34 8 47 47 0 17 24 29 193 29 54 184 56 0 0 4 0 4 4 0 0 3 0 0 0 1 37 15 0 6 62 0 3 0 0 0 0 0 18 6 0 7 3 4 49 13 0 10 9 5 225 5 0 184 0
18028 0 0 6 1 3 18 0 0 1 13 56 19 0 5 2 18 34 44 0 0 0 0 0 0 4 5 64 0 0 42 21 27 70 73 115 109 62 117 62 128 140 172 0 0 7 3 20 31 0 7 2 28 81 56 10 23 23 16 45 50 0 3 0 0 0 0 11 29 70 2 18 14 5 17 20 23 107 53 28 159 28 56 141 70
18030 0 8 2 0 1 34 0 0 1 0 0 0 0 0 33 0 0 33 0 0 0 0 0 0 31 55 69 4 13 30 7 30 67 4 4 74 75 87 158 33 34 71 0 1 7 0 27 0 0 1 0 0 0 0 0 1 0 0 5 0 0 0 0 0 0 0 0 0 46 0 0 102 1 37 1 0 10 43 60 183 61 21 74 25
18035 0 0 0 0 0 0 0 7 0 0 4 0 0 19 0 2 29 4 0 1 0 0 13 0 1 35 27 0 0 41 15 29 44 19 62 21 71 93 95 23 112 28 12 19 14 67 89 78 1 7 1 5 33 6 9 35 9 13 43 13 0 3 0 0 18 0 15 48 69 2 17 25 7 16 24 61 87 93 64 155 73 60 137 67
18036 24 30 122 60 105 118 8 39 53 0 35 90 76 120 147 86 122 199 36 69 83 7 38 22 44 72 113 4 92 23 84 141 112 13 15 109 21 65 34 6 59 81 0 0 0 0 1 0 0 0 9 0 10 22 0 0 0 11 53 11 0 0 0 0 0 0 0 0 1 0 0 1 0 6 0 3 21 9 0 37 0 1 22 1
18038 0 36 1 0 105 1 0 49 0 0 171 0 0 344 0 0 440 0 0 15 0 0 9 0 0 24 6 0 0 20 0 15 3 0 51 0 29 85 35 2 13 36 39 135 61 1 77 1 7 14 86 2 25 54 16 126 23 59 174 61 0 3 0 0 1 0 9 51 14 0 73 0 97 154 108 6 68 11 118 221 118 58 136 58
18039 0 0 113 0 0 56 0 0 176 0 1 182 21 23 338 6 9 282 1 1 71 4 9 37 20 30 71 10 14 80 1 8 184 10 10 180 121 124 226 141 142 203 0 0 0 0 0 3 0 0 0 0 0 0 0 0 0 0 0 0 0 24 0 0 5 0 1 1 5 0 0 15 0 1 0 0 0 25 10 86 10 38 70 50
18040 0 0 0 0 0 0 0 7 0 0 63 0 2 71 9 0 102 0 0 10 0 0 2 0 0 16 15 5 29 57 0 11 17 0 15 15 65 97 77 0 47 0 0 0 33 10 45 31 0 0 1 0 0 0 0 3 6 4 25 4 0 0 0 0 0 0 0 0 57 0 1 6 44 46 98 0 37 2 92 149 94 56 118 74
18042 0 41 0 0 12 10 8 183 59 22 228 94 0 88 0 3 149 4 0 56 0 0 17 0 0 0 1 0 0 12 0 6 0 2 10 2 11 116 41 27 86 101 0 4 0 0 40 0 0 1 0 0 10 0 0 28 0 0 47 0 0 19 0 0 3 0 0 13 0 0 6 0 0 15 0 0 56 0 0 148 0 0 132 0
18043 0 4 7 8 24 25 3 110 3 31 163 60 6 159 34 46 306 54 0 19 0 2 16 3 26 70 111 18 34 162 48 104 79 134 173 181 52 78 81 72 82 89 0 5 0 0 67 0 0 10 0 2 19 2 22 76 46 61 211 89 0 1 1 1 11 5 9 64 32 12 24 71 15 36 21 47 122 55 43 142 43 36 173 36
18044 0 0 0 0 0 16 0 0 0 0 0 5 0 0 3 0 0 18 0 0 0 0 0 0 0 0 83 0 0 65 0 0 41 0 0 93 0 51 15 1 30 10 0 0 0 0 0 0 0 0 0 0 3 0 0 0 0 0 0 3 0 0 0 0 0 0 0 0 32 0 0 46 0 1 7 0 0 16 1 135 1 0 60 0
18045 0 0 0 0 0 0 0 0 0 0 0 0 0 0 0 0 0 1 0 0 0 0 0 0 0 0 23 0 0 40 0 47 0 0 0 0 0 24 7 2 11 5 0 0 4 0 0 6 0 0 0 0 0 0 0 0 0 0 2 0 0 0 0 0 0 0 0 5 32 0 5 8 0 0 0 11 16 19 26 189 28 15 69 15
18046 2 22 2 4 18 7 0 1 33 0 2 72 4 6 47 2 18 58 0 0 14 0 0 2 0 0 45 3 7 143 2 9 38 0 0 118 58 85 86 21 78 63 27 33 33 47 62 62 36 38 69 30 88 61 102 207 155 103 246 142 1 45 1 8 9 11 12 18 107 44 72 153 126 144 143 13 21 37 149 178 150 167 182 195
18047 0 0 0 0 3 0 1 1 10 2 3 37 0 0 9 0 0 62 0 0 0 0 0 0 0 2 10 17 26 69 3 29 13 34 99 52 24 107 29 72 146 74 0 0 0 7 94 9 65 144 71 57 130 64 5 17 100 73 81 202 0 0 3 0 0 0 0 3 70 10 22 97 16 67 26 72 104 95 111 167 111 140 180 143
18049 0 8 0 0 10 0 0 20 0 0 27 0 0 9 2 0 3 7 0 0 0 0 0 0 0 9 44 0 0 9 0 97 4 6 98 6 12 115 57 5 63 23 3 26 3 0 9 1 0 13 1 0 7 0 7 24 7 2 32 20 0 4 0 0 1 0 0 0 0 0 0 0 0 8 0 1 30 1 90 155 90 80 93 108
18050 0 0 1 0 0 67 0 0 1 0 1 0 0 0 5 0 0 0 0 0 2 0 0 0 0 0 6 0 0 7 0 0 0 0 0 92 0 0 0 0 0 10 0 1 1 1 1 159 14 63 46 47 86 175 43 71 145 11 68 121 0 0 15 0 0 9 0 0 0 0 17 6 0 85 1 50 210 60 2 4 14 72 74 179
18052 0 0 0 0 5 0 0 1 0 0 0 0 0 0 0 0 2 0 0 3 0 0 1 0 2 6 3 0 6 6 0 0 0 0 0 0 0 14 0 0 2 5 0 0 0 0 12 0 0 0 0 0 0 0 0 0 2 0 0 1 0 0 0 0 0 0 0 0 16 0 6 6 0 0 0 0 0 7 0 109 0 12 143 14
18053 0 0 8 0 0 3 0 0 48 0 0 59 0 0 86 0 0 119 0 0 3 0 0 3 0 0 24 0 0 79 2 2 83 0 7 121 32 43 66 146 148 199 14 16 20 0 2 27 0 0 31 0 0 27 34 37 178 40 46 194 0 0 3 0 0 5 0 0 36 0 0 60 2 14 30 13 46 110 71 144 75 201 204 216
18054 0 0 4 0 12 32 0 0 0 0 0 0 0 4 0 0 0 6 0 0 0 0 0 1 10 13 81 23 39 119 3 57 21 0 25 12 82 170 82 116 143 153 1 15 4 6 10 6 0 5 0 0 1 0 16 81 16 1 19 1 0 0 0 0 0 0 2 21 29 4 11 28 0 37 1 1 85 21 68 204 68 77 185 77
18055 0 8 0 0 0 1 0 3 4 0 3 0 0 0 2 0 2 12 0 21 0 0 13 0 19 48 45 10 43 22 9 12 77 27 102 60 13 188 14 61 131 81 0 0 5 1 2 11 0 2 3 0 5 17 3 24 11 44 90 95 11 13 25 13 20 13 1 1 51 0 0 8 21 40 62 21 57 29 153 223 153 96 157 120
18058 0 0 0 0 0 0 1 6 18 2 16 26 0 2 25 1 13 57 0 0 0 0 3 0 0 2 18 0 0 26 0 1 8 0 1 6 0 79 7 0 3 5 0 11 6 1 13 11 0 2 10 1 5 7 2 8 31 20 29 104 8 16 14 3 4 4 2 14 51 1 1 54 0 0 0 1 32 1 12 124 21 27 105 36
18060 0 0 3 0 0 3 0 0 0 0 55 0 0 8 0 0 8 0 0 4 4 0 0 0 0 20 79 0 0 12 2 2 14 18 63 30 38 76 41 62 142 73 0 1 0 2 14 2 2 8 4 5 10 27 0 20 0 0 17 0 0 2 0 0 0 0 0 2 33 0 1 16 4 6 47 0 0 7 23 144 23 54 171 55
18062 0 0 2 0 0 0 0 0 0 0 0 0 1 1 2 0 0 0 0 0 0 0 0 0 0 1 1 0 0 1 13 14 18 11 18 53 26 72 27 5 27 6 5 15 20 0 1 0 0 20 0 0 21 2 5 89 5 0 21 3 0 0 0 0 2 0 16 17 57 0 0 21 15 56 18 25 54 29 69 202 69 2 178 3
18064 0 0 0 0 0 5 0 0 0 0 2 0 0 0 0 0 0 0 0 1 0 0 8 0 1 5 55 0 0 41 3 4 52 0 13 5 0 12 8 8 54 23 0 0 26 24 24 201 0 0 23 0 0 29 18 20 152 18 24 175 3 5 48 4 5 32 0 0 70 8 21 59 1 2 137 21 26 155 101 107 163 161 162 195
18065 5 21 7 0 4 4 0 1 0 2 4 8 1 19 3 6 49 39 0 0 18 0 0 0 11 35 116 0 1 97 5 95 15 2 11 32 75 167 75 41 54 59 0 20 0 0 9 0 0 4 5 0 100 1 0 32 0 1 74 2 0 0 0 0 0 0 0 0 41 0 1 36 0 66 0 0 57 0 29 160 29 12 157 14
18071 0 0 0 0 0 40 0 0 7 0 0 36 0 0 5 0 3 57 0 0 0 0 0 0 0 1 128 0 5 17 0 4 1 3 9 105 0 0 1 0 0 57 0 4 0 0 29 0 0 0 3 2 5 11 0 4 18 19 50 50 0 0 0 0 0 0 0 0 0 0 0 0 0 3 0 15 82 19 0 31 0 0 0 0
18074 0 0 0 0 0 5 0 0 0 0 0 0 0 0 0 0 0 0 0 0 0 0 0 0 0 0 23 0 0 9 0 10 0 0 4 11 0 0 0 0 0 0 6 7 99 17 21 31 0 6 0 0 34 1 1 105 6 3 151 20 0 0 1 0 0 0 0 15 73 1 1 49 37 84 71 107 184 159 0 5 4 0 2 8
18082 0 0 0 0 0 0 0 109 0 0 66 0 0 6 0 0 57 0 0 4 0 0 0 0 0 0 5 0 1 13 0 0 14 0 13 62 0 44 0 1 1 7 0 0 0 0 0 3 0 22 0 0 3 0 0 12 3 0 3 1 0 2 0 0 0 1 0 1 10 0 0 7 0 130 0 0 141 0 0 56 0 0 27 6
18088 0 0 0 0 0 4 0 0 0 0 0 0 0 0 2 1 2 3 0 0 0 0 0 0 0 0 48 0 1 6 0 0 0 0 0 19 8 36 8 0 3 17 0 0 0 0 0 0 0 0 0 20 22 74 0 0 0 0 0 1 0 0 0 0 0 0 0 3 4 2 82 4 0 6 0 0 22 0 2 44 2 0 0 0
18089 30 131 90 17 109 77 0 35 50 1 113 33 34 38 189 18 45 151 0 0 10 0 0 26 11 17 38 0 0 116 0 27 18 0 5 69 0 229 0 36 167 46 0 3 0 0 1 2 0 0 0 0 0 0 0 0 0 0 0 0 0 0 0 0 0 0 0 11 2 0 6 0 0 73 0 8 56 60 0 192 0 32 199 38
18090 0 0 0 0 0 0 0 54 0 0 22 0 1 105 6 0 88 0 0 39 1 0 11 0 7 42 53 0 14 5 0 28 0 0 36 4 6 206 15 3 56 4 0 0 4 0 0 8 0 3 0 0 7 0 0 15 21 0 6 47 0 0 10 0 0 1 0 0 0 0 0 0 0 0 0 0 0 0 2 169 2 2 53 5
18091 0 0 0 0 0 0 0 11 0 0 6 0 0 0 0 0 0 1 0 0 0 0 0 0 0 0 5 0 0 14 0 0 0 0 8 0 0 0 0 0 0 19 0 4 0 10 21 18 0 6 0 0 20 4 0 0 3 0 7 0 0 0 3 0 0 0 0 0 14 0 5 12 0 43 0 1 16 8 11 46 15 42 76 136
18093 0 0 0 0 0 4 0 54 0 0 74 0 0 0 3 0 0 13 0 0 0 0 0 0 0 0 59 0 7 98 0 0 0 6 11 70 0 16 0 0 0 5 0 0 0 0 4 10 0 4 0 0 19 0 0 0 0 6 34 50 0 2 0 0 0 0 0 0 6 0 6 7 0 0 0 0 2 0 0 140 0 0 125 0
18095 0 4 0 0 9 0 0 0 0 0 11 0 0 11 0 0 19 0 0 17 0 0 12 0 0 0 17 0 44 10 0 2 0 0 48 3 0 199 0 0 193 0 0 0 0 0 23 0 0 3 0 0 1 0 0 8 0 0 26 0 0 4 0 0 0 0 0 0 23 0 0 18 1 133 1 0 97 0 0 184 0 40 144 44
18097 0 0 0 0 0 0 0 0 1 0 7 2 0 0 0 0 5 1 0 0 0 0 0 0 0 0 22 0 1 7 0 0 0 0 0 0 0 7 15 0 0 19 0 2 0 0 11 20 0 0 29 8 14 179 0 12 17 0 27 49 0 3 0 0 0 0 0 1 10 0 3 10 0 9 57 6 29 11 42 127 42 23 153 45
18100 6 15 6 0 0 0 0 0 0 0 0 2 0 0 0 0 0 7 0 0 0 0 0 0 0 0 46 0 0 1 0 0 0 0 0 5 3 16 15 0 0 4 0 0 0 0 2 0 0 0 0 0 0 0 0 0 0 0 0 0 0 0 0 0 0 0 0 2 6 0 32 0 0 0 0 0 5 3 44 149 44 12 45 12
18101 0 0 0 0 1 20 0 81 0 11 77 12 5 69 7 25 97 26 0 0 0 0 0 0 0 4 71 0 1 20 0 30 3 70 177 83 0 79 0 31 196 34 0 0 19 0 0 9 0 0 169 3 3 133 0 0 139 27 27 179 0 0 23 0 0 16 0 0 45 0 0 14 11 18 54 41 93 62 0 37 0 5 35 50
18102 0 0 0 0 0 0 0 0 8 0 0 17 0 3 42 1 3 40 0 0 1 0 0 5 14 26 99 1 15 14 0 5 7 3 53 20 0 43 4 0 26 0 66 68 155 43 43 185 1 1 119 0 0 115 5 10 263 11 35 327 0 0 14 0 4 12 3 3 63 0 3 17 6 6 103 67 86 184 15 16 163 11 11 146
18103 0 0 11 0 0 8 0 0 0 0 0 0 0 2 2 0 19 0 0 0 0 0 0 0 0 0 67 0 0 121 0 5 0 0 11 1 8 66 9 6 107 12 8 9 24 0 0 0 0 0 0 0 0 0 0 0 0 0 5 0 0 0 0 0 0 0 0 0 8 0 0 73 11 53 12 2 163 5 2 191 2 0 173 0
